
1927830.00   1943940.00   1960050.00   1976160.00   1992270.00   2008380.00   2024490.00   2040600.00   2056710.00   2072820.00   2088930.00   2105040.00   2121150.00   2137260.00   2153370.00   2169480.00   2185590.00   2201700.00   2217810.00   2233920.00   2250030.00   2266140.00   2282250.00   2298360.00   2314470.00   2330580.00   2346690.00   2362800.00   2378910.00   2395020.00   2411130.00   2427240.00   2443350.00   2459460.00   2475570.00   2491680.00   2507790.00   2523900.00   2540010.00   2556120.00   2572230.00   2588340.00   2604450.00   2620560.00   2636670.00   2652780.00   2668890.00   2685000.00   2701110.00   2717220.00   2733330.00   2749440.00   2765550.00   2781660.00   2797770.00   2813880.00   2829990.00   2846100.00   2862210.00   2878320.00   2894430.00   2910540.00   2926650.00   2942760.00   2958870.00   2974980.00   2991090.00   3007200.00   3023310.00   3039420.00   3055530.00   3071640.00   3087750.00   3103860.00   3119970.00   3136080.00   3152190.00   3168300.00   3184410.00   3200520.00   3216630.00   3232740.00   3248850.00   3264960.00   3281070.00   3297180.00   3313290.00   3329400.00   3345510.00   3361620.00   
1943940.00   1960230.00   1976520.00   1992810.00   2009100.00   2025390.00   2041680.00   2057970.00   2074260.00   2090550.00   2106840.00   2123130.00   2139420.00   2155710.00   2172000.00   2188290.00   2204580.00   2220870.00   2237160.00   2253450.00   2269740.00   2286030.00   2302320.00   2318610.00   2334900.00   2351190.00   2367480.00   2383770.00   2400060.00   2416350.00   2432640.00   2448930.00   2465220.00   2481510.00   2497800.00   2514090.00   2530380.00   2546670.00   2562960.00   2579250.00   2595540.00   2611830.00   2628120.00   2644410.00   2660700.00   2676990.00   2693280.00   2709570.00   2725860.00   2742150.00   2758440.00   2774730.00   2791020.00   2807310.00   2823600.00   2839890.00   2856180.00   2872470.00   2888760.00   2905050.00   2921340.00   2937630.00   2953920.00   2970210.00   2986500.00   3002790.00   3019080.00   3035370.00   3051660.00   3067950.00   3084240.00   3100530.00   3116820.00   3133110.00   3149400.00   3165690.00   3181980.00   3198270.00   3214560.00   3230850.00   3247140.00   3263430.00   3279720.00   3296010.00   3312300.00   3328590.00   3344880.00   3361170.00   3377460.00   3393750.00   
1960050.00   1976520.00   1992990.00   2009460.00   2025930.00   2042400.00   2058870.00   2075340.00   2091810.00   2108280.00   2124750.00   2141220.00   2157690.00   2174160.00   2190630.00   2207100.00   2223570.00   2240040.00   2256510.00   2272980.00   2289450.00   2305920.00   2322390.00   2338860.00   2355330.00   2371800.00   2388270.00   2404740.00   2421210.00   2437680.00   2454150.00   2470620.00   2487090.00   2503560.00   2520030.00   2536500.00   2552970.00   2569440.00   2585910.00   2602380.00   2618850.00   2635320.00   2651790.00   2668260.00   2684730.00   2701200.00   2717670.00   2734140.00   2750610.00   2767080.00   2783550.00   2800020.00   2816490.00   2832960.00   2849430.00   2865900.00   2882370.00   2898840.00   2915310.00   2931780.00   2948250.00   2964720.00   2981190.00   2997660.00   3014130.00   3030600.00   3047070.00   3063540.00   3080010.00   3096480.00   3112950.00   3129420.00   3145890.00   3162360.00   3178830.00   3195300.00   3211770.00   3228240.00   3244710.00   3261180.00   3277650.00   3294120.00   3310590.00   3327060.00   3343530.00   3360000.00   3376470.00   3392940.00   3409410.00   3425880.00   
1976160.00   1992810.00   2009460.00   2026110.00   2042760.00   2059410.00   2076060.00   2092710.00   2109360.00   2126010.00   2142660.00   2159310.00   2175960.00   2192610.00   2209260.00   2225910.00   2242560.00   2259210.00   2275860.00   2292510.00   2309160.00   2325810.00   2342460.00   2359110.00   2375760.00   2392410.00   2409060.00   2425710.00   2442360.00   2459010.00   2475660.00   2492310.00   2508960.00   2525610.00   2542260.00   2558910.00   2575560.00   2592210.00   2608860.00   2625510.00   2642160.00   2658810.00   2675460.00   2692110.00   2708760.00   2725410.00   2742060.00   2758710.00   2775360.00   2792010.00   2808660.00   2825310.00   2841960.00   2858610.00   2875260.00   2891910.00   2908560.00   2925210.00   2941860.00   2958510.00   2975160.00   2991810.00   3008460.00   3025110.00   3041760.00   3058410.00   3075060.00   3091710.00   3108360.00   3125010.00   3141660.00   3158310.00   3174960.00   3191610.00   3208260.00   3224910.00   3241560.00   3258210.00   3274860.00   3291510.00   3308160.00   3324810.00   3341460.00   3358110.00   3374760.00   3391410.00   3408060.00   3424710.00   3441360.00   3458010.00   
1992270.00   2009100.00   2025930.00   2042760.00   2059590.00   2076420.00   2093250.00   2110080.00   2126910.00   2143740.00   2160570.00   2177400.00   2194230.00   2211060.00   2227890.00   2244720.00   2261550.00   2278380.00   2295210.00   2312040.00   2328870.00   2345700.00   2362530.00   2379360.00   2396190.00   2413020.00   2429850.00   2446680.00   2463510.00   2480340.00   2497170.00   2514000.00   2530830.00   2547660.00   2564490.00   2581320.00   2598150.00   2614980.00   2631810.00   2648640.00   2665470.00   2682300.00   2699130.00   2715960.00   2732790.00   2749620.00   2766450.00   2783280.00   2800110.00   2816940.00   2833770.00   2850600.00   2867430.00   2884260.00   2901090.00   2917920.00   2934750.00   2951580.00   2968410.00   2985240.00   3002070.00   3018900.00   3035730.00   3052560.00   3069390.00   3086220.00   3103050.00   3119880.00   3136710.00   3153540.00   3170370.00   3187200.00   3204030.00   3220860.00   3237690.00   3254520.00   3271350.00   3288180.00   3305010.00   3321840.00   3338670.00   3355500.00   3372330.00   3389160.00   3405990.00   3422820.00   3439650.00   3456480.00   3473310.00   3490140.00   
2008380.00   2025390.00   2042400.00   2059410.00   2076420.00   2093430.00   2110440.00   2127450.00   2144460.00   2161470.00   2178480.00   2195490.00   2212500.00   2229510.00   2246520.00   2263530.00   2280540.00   2297550.00   2314560.00   2331570.00   2348580.00   2365590.00   2382600.00   2399610.00   2416620.00   2433630.00   2450640.00   2467650.00   2484660.00   2501670.00   2518680.00   2535690.00   2552700.00   2569710.00   2586720.00   2603730.00   2620740.00   2637750.00   2654760.00   2671770.00   2688780.00   2705790.00   2722800.00   2739810.00   2756820.00   2773830.00   2790840.00   2807850.00   2824860.00   2841870.00   2858880.00   2875890.00   2892900.00   2909910.00   2926920.00   2943930.00   2960940.00   2977950.00   2994960.00   3011970.00   3028980.00   3045990.00   3063000.00   3080010.00   3097020.00   3114030.00   3131040.00   3148050.00   3165060.00   3182070.00   3199080.00   3216090.00   3233100.00   3250110.00   3267120.00   3284130.00   3301140.00   3318150.00   3335160.00   3352170.00   3369180.00   3386190.00   3403200.00   3420210.00   3437220.00   3454230.00   3471240.00   3488250.00   3505260.00   3522270.00   
2024490.00   2041680.00   2058870.00   2076060.00   2093250.00   2110440.00   2127630.00   2144820.00   2162010.00   2179200.00   2196390.00   2213580.00   2230770.00   2247960.00   2265150.00   2282340.00   2299530.00   2316720.00   2333910.00   2351100.00   2368290.00   2385480.00   2402670.00   2419860.00   2437050.00   2454240.00   2471430.00   2488620.00   2505810.00   2523000.00   2540190.00   2557380.00   2574570.00   2591760.00   2608950.00   2626140.00   2643330.00   2660520.00   2677710.00   2694900.00   2712090.00   2729280.00   2746470.00   2763660.00   2780850.00   2798040.00   2815230.00   2832420.00   2849610.00   2866800.00   2883990.00   2901180.00   2918370.00   2935560.00   2952750.00   2969940.00   2987130.00   3004320.00   3021510.00   3038700.00   3055890.00   3073080.00   3090270.00   3107460.00   3124650.00   3141840.00   3159030.00   3176220.00   3193410.00   3210600.00   3227790.00   3244980.00   3262170.00   3279360.00   3296550.00   3313740.00   3330930.00   3348120.00   3365310.00   3382500.00   3399690.00   3416880.00   3434070.00   3451260.00   3468450.00   3485640.00   3502830.00   3520020.00   3537210.00   3554400.00   
2040600.00   2057970.00   2075340.00   2092710.00   2110080.00   2127450.00   2144820.00   2162190.00   2179560.00   2196930.00   2214300.00   2231670.00   2249040.00   2266410.00   2283780.00   2301150.00   2318520.00   2335890.00   2353260.00   2370630.00   2388000.00   2405370.00   2422740.00   2440110.00   2457480.00   2474850.00   2492220.00   2509590.00   2526960.00   2544330.00   2561700.00   2579070.00   2596440.00   2613810.00   2631180.00   2648550.00   2665920.00   2683290.00   2700660.00   2718030.00   2735400.00   2752770.00   2770140.00   2787510.00   2804880.00   2822250.00   2839620.00   2856990.00   2874360.00   2891730.00   2909100.00   2926470.00   2943840.00   2961210.00   2978580.00   2995950.00   3013320.00   3030690.00   3048060.00   3065430.00   3082800.00   3100170.00   3117540.00   3134910.00   3152280.00   3169650.00   3187020.00   3204390.00   3221760.00   3239130.00   3256500.00   3273870.00   3291240.00   3308610.00   3325980.00   3343350.00   3360720.00   3378090.00   3395460.00   3412830.00   3430200.00   3447570.00   3464940.00   3482310.00   3499680.00   3517050.00   3534420.00   3551790.00   3569160.00   3586530.00   
2056710.00   2074260.00   2091810.00   2109360.00   2126910.00   2144460.00   2162010.00   2179560.00   2197110.00   2214660.00   2232210.00   2249760.00   2267310.00   2284860.00   2302410.00   2319960.00   2337510.00   2355060.00   2372610.00   2390160.00   2407710.00   2425260.00   2442810.00   2460360.00   2477910.00   2495460.00   2513010.00   2530560.00   2548110.00   2565660.00   2583210.00   2600760.00   2618310.00   2635860.00   2653410.00   2670960.00   2688510.00   2706060.00   2723610.00   2741160.00   2758710.00   2776260.00   2793810.00   2811360.00   2828910.00   2846460.00   2864010.00   2881560.00   2899110.00   2916660.00   2934210.00   2951760.00   2969310.00   2986860.00   3004410.00   3021960.00   3039510.00   3057060.00   3074610.00   3092160.00   3109710.00   3127260.00   3144810.00   3162360.00   3179910.00   3197460.00   3215010.00   3232560.00   3250110.00   3267660.00   3285210.00   3302760.00   3320310.00   3337860.00   3355410.00   3372960.00   3390510.00   3408060.00   3425610.00   3443160.00   3460710.00   3478260.00   3495810.00   3513360.00   3530910.00   3548460.00   3566010.00   3583560.00   3601110.00   3618660.00   
2072820.00   2090550.00   2108280.00   2126010.00   2143740.00   2161470.00   2179200.00   2196930.00   2214660.00   2232390.00   2250120.00   2267850.00   2285580.00   2303310.00   2321040.00   2338770.00   2356500.00   2374230.00   2391960.00   2409690.00   2427420.00   2445150.00   2462880.00   2480610.00   2498340.00   2516070.00   2533800.00   2551530.00   2569260.00   2586990.00   2604720.00   2622450.00   2640180.00   2657910.00   2675640.00   2693370.00   2711100.00   2728830.00   2746560.00   2764290.00   2782020.00   2799750.00   2817480.00   2835210.00   2852940.00   2870670.00   2888400.00   2906130.00   2923860.00   2941590.00   2959320.00   2977050.00   2994780.00   3012510.00   3030240.00   3047970.00   3065700.00   3083430.00   3101160.00   3118890.00   3136620.00   3154350.00   3172080.00   3189810.00   3207540.00   3225270.00   3243000.00   3260730.00   3278460.00   3296190.00   3313920.00   3331650.00   3349380.00   3367110.00   3384840.00   3402570.00   3420300.00   3438030.00   3455760.00   3473490.00   3491220.00   3508950.00   3526680.00   3544410.00   3562140.00   3579870.00   3597600.00   3615330.00   3633060.00   3650790.00   
2088930.00   2106840.00   2124750.00   2142660.00   2160570.00   2178480.00   2196390.00   2214300.00   2232210.00   2250120.00   2268030.00   2285940.00   2303850.00   2321760.00   2339670.00   2357580.00   2375490.00   2393400.00   2411310.00   2429220.00   2447130.00   2465040.00   2482950.00   2500860.00   2518770.00   2536680.00   2554590.00   2572500.00   2590410.00   2608320.00   2626230.00   2644140.00   2662050.00   2679960.00   2697870.00   2715780.00   2733690.00   2751600.00   2769510.00   2787420.00   2805330.00   2823240.00   2841150.00   2859060.00   2876970.00   2894880.00   2912790.00   2930700.00   2948610.00   2966520.00   2984430.00   3002340.00   3020250.00   3038160.00   3056070.00   3073980.00   3091890.00   3109800.00   3127710.00   3145620.00   3163530.00   3181440.00   3199350.00   3217260.00   3235170.00   3253080.00   3270990.00   3288900.00   3306810.00   3324720.00   3342630.00   3360540.00   3378450.00   3396360.00   3414270.00   3432180.00   3450090.00   3468000.00   3485910.00   3503820.00   3521730.00   3539640.00   3557550.00   3575460.00   3593370.00   3611280.00   3629190.00   3647100.00   3665010.00   3682920.00   
2105040.00   2123130.00   2141220.00   2159310.00   2177400.00   2195490.00   2213580.00   2231670.00   2249760.00   2267850.00   2285940.00   2304030.00   2322120.00   2340210.00   2358300.00   2376390.00   2394480.00   2412570.00   2430660.00   2448750.00   2466840.00   2484930.00   2503020.00   2521110.00   2539200.00   2557290.00   2575380.00   2593470.00   2611560.00   2629650.00   2647740.00   2665830.00   2683920.00   2702010.00   2720100.00   2738190.00   2756280.00   2774370.00   2792460.00   2810550.00   2828640.00   2846730.00   2864820.00   2882910.00   2901000.00   2919090.00   2937180.00   2955270.00   2973360.00   2991450.00   3009540.00   3027630.00   3045720.00   3063810.00   3081900.00   3099990.00   3118080.00   3136170.00   3154260.00   3172350.00   3190440.00   3208530.00   3226620.00   3244710.00   3262800.00   3280890.00   3298980.00   3317070.00   3335160.00   3353250.00   3371340.00   3389430.00   3407520.00   3425610.00   3443700.00   3461790.00   3479880.00   3497970.00   3516060.00   3534150.00   3552240.00   3570330.00   3588420.00   3606510.00   3624600.00   3642690.00   3660780.00   3678870.00   3696960.00   3715050.00   
2121150.00   2139420.00   2157690.00   2175960.00   2194230.00   2212500.00   2230770.00   2249040.00   2267310.00   2285580.00   2303850.00   2322120.00   2340390.00   2358660.00   2376930.00   2395200.00   2413470.00   2431740.00   2450010.00   2468280.00   2486550.00   2504820.00   2523090.00   2541360.00   2559630.00   2577900.00   2596170.00   2614440.00   2632710.00   2650980.00   2669250.00   2687520.00   2705790.00   2724060.00   2742330.00   2760600.00   2778870.00   2797140.00   2815410.00   2833680.00   2851950.00   2870220.00   2888490.00   2906760.00   2925030.00   2943300.00   2961570.00   2979840.00   2998110.00   3016380.00   3034650.00   3052920.00   3071190.00   3089460.00   3107730.00   3126000.00   3144270.00   3162540.00   3180810.00   3199080.00   3217350.00   3235620.00   3253890.00   3272160.00   3290430.00   3308700.00   3326970.00   3345240.00   3363510.00   3381780.00   3400050.00   3418320.00   3436590.00   3454860.00   3473130.00   3491400.00   3509670.00   3527940.00   3546210.00   3564480.00   3582750.00   3601020.00   3619290.00   3637560.00   3655830.00   3674100.00   3692370.00   3710640.00   3728910.00   3747180.00   
2137260.00   2155710.00   2174160.00   2192610.00   2211060.00   2229510.00   2247960.00   2266410.00   2284860.00   2303310.00   2321760.00   2340210.00   2358660.00   2377110.00   2395560.00   2414010.00   2432460.00   2450910.00   2469360.00   2487810.00   2506260.00   2524710.00   2543160.00   2561610.00   2580060.00   2598510.00   2616960.00   2635410.00   2653860.00   2672310.00   2690760.00   2709210.00   2727660.00   2746110.00   2764560.00   2783010.00   2801460.00   2819910.00   2838360.00   2856810.00   2875260.00   2893710.00   2912160.00   2930610.00   2949060.00   2967510.00   2985960.00   3004410.00   3022860.00   3041310.00   3059760.00   3078210.00   3096660.00   3115110.00   3133560.00   3152010.00   3170460.00   3188910.00   3207360.00   3225810.00   3244260.00   3262710.00   3281160.00   3299610.00   3318060.00   3336510.00   3354960.00   3373410.00   3391860.00   3410310.00   3428760.00   3447210.00   3465660.00   3484110.00   3502560.00   3521010.00   3539460.00   3557910.00   3576360.00   3594810.00   3613260.00   3631710.00   3650160.00   3668610.00   3687060.00   3705510.00   3723960.00   3742410.00   3760860.00   3779310.00   
2153370.00   2172000.00   2190630.00   2209260.00   2227890.00   2246520.00   2265150.00   2283780.00   2302410.00   2321040.00   2339670.00   2358300.00   2376930.00   2395560.00   2414190.00   2432820.00   2451450.00   2470080.00   2488710.00   2507340.00   2525970.00   2544600.00   2563230.00   2581860.00   2600490.00   2619120.00   2637750.00   2656380.00   2675010.00   2693640.00   2712270.00   2730900.00   2749530.00   2768160.00   2786790.00   2805420.00   2824050.00   2842680.00   2861310.00   2879940.00   2898570.00   2917200.00   2935830.00   2954460.00   2973090.00   2991720.00   3010350.00   3028980.00   3047610.00   3066240.00   3084870.00   3103500.00   3122130.00   3140760.00   3159390.00   3178020.00   3196650.00   3215280.00   3233910.00   3252540.00   3271170.00   3289800.00   3308430.00   3327060.00   3345690.00   3364320.00   3382950.00   3401580.00   3420210.00   3438840.00   3457470.00   3476100.00   3494730.00   3513360.00   3531990.00   3550620.00   3569250.00   3587880.00   3606510.00   3625140.00   3643770.00   3662400.00   3681030.00   3699660.00   3718290.00   3736920.00   3755550.00   3774180.00   3792810.00   3811440.00   
2169480.00   2188290.00   2207100.00   2225910.00   2244720.00   2263530.00   2282340.00   2301150.00   2319960.00   2338770.00   2357580.00   2376390.00   2395200.00   2414010.00   2432820.00   2451630.00   2470440.00   2489250.00   2508060.00   2526870.00   2545680.00   2564490.00   2583300.00   2602110.00   2620920.00   2639730.00   2658540.00   2677350.00   2696160.00   2714970.00   2733780.00   2752590.00   2771400.00   2790210.00   2809020.00   2827830.00   2846640.00   2865450.00   2884260.00   2903070.00   2921880.00   2940690.00   2959500.00   2978310.00   2997120.00   3015930.00   3034740.00   3053550.00   3072360.00   3091170.00   3109980.00   3128790.00   3147600.00   3166410.00   3185220.00   3204030.00   3222840.00   3241650.00   3260460.00   3279270.00   3298080.00   3316890.00   3335700.00   3354510.00   3373320.00   3392130.00   3410940.00   3429750.00   3448560.00   3467370.00   3486180.00   3504990.00   3523800.00   3542610.00   3561420.00   3580230.00   3599040.00   3617850.00   3636660.00   3655470.00   3674280.00   3693090.00   3711900.00   3730710.00   3749520.00   3768330.00   3787140.00   3805950.00   3824760.00   3843570.00   
2185590.00   2204580.00   2223570.00   2242560.00   2261550.00   2280540.00   2299530.00   2318520.00   2337510.00   2356500.00   2375490.00   2394480.00   2413470.00   2432460.00   2451450.00   2470440.00   2489430.00   2508420.00   2527410.00   2546400.00   2565390.00   2584380.00   2603370.00   2622360.00   2641350.00   2660340.00   2679330.00   2698320.00   2717310.00   2736300.00   2755290.00   2774280.00   2793270.00   2812260.00   2831250.00   2850240.00   2869230.00   2888220.00   2907210.00   2926200.00   2945190.00   2964180.00   2983170.00   3002160.00   3021150.00   3040140.00   3059130.00   3078120.00   3097110.00   3116100.00   3135090.00   3154080.00   3173070.00   3192060.00   3211050.00   3230040.00   3249030.00   3268020.00   3287010.00   3306000.00   3324990.00   3343980.00   3362970.00   3381960.00   3400950.00   3419940.00   3438930.00   3457920.00   3476910.00   3495900.00   3514890.00   3533880.00   3552870.00   3571860.00   3590850.00   3609840.00   3628830.00   3647820.00   3666810.00   3685800.00   3704790.00   3723780.00   3742770.00   3761760.00   3780750.00   3799740.00   3818730.00   3837720.00   3856710.00   3875700.00   
2201700.00   2220870.00   2240040.00   2259210.00   2278380.00   2297550.00   2316720.00   2335890.00   2355060.00   2374230.00   2393400.00   2412570.00   2431740.00   2450910.00   2470080.00   2489250.00   2508420.00   2527590.00   2546760.00   2565930.00   2585100.00   2604270.00   2623440.00   2642610.00   2661780.00   2680950.00   2700120.00   2719290.00   2738460.00   2757630.00   2776800.00   2795970.00   2815140.00   2834310.00   2853480.00   2872650.00   2891820.00   2910990.00   2930160.00   2949330.00   2968500.00   2987670.00   3006840.00   3026010.00   3045180.00   3064350.00   3083520.00   3102690.00   3121860.00   3141030.00   3160200.00   3179370.00   3198540.00   3217710.00   3236880.00   3256050.00   3275220.00   3294390.00   3313560.00   3332730.00   3351900.00   3371070.00   3390240.00   3409410.00   3428580.00   3447750.00   3466920.00   3486090.00   3505260.00   3524430.00   3543600.00   3562770.00   3581940.00   3601110.00   3620280.00   3639450.00   3658620.00   3677790.00   3696960.00   3716130.00   3735300.00   3754470.00   3773640.00   3792810.00   3811980.00   3831150.00   3850320.00   3869490.00   3888660.00   3907830.00   
2217810.00   2237160.00   2256510.00   2275860.00   2295210.00   2314560.00   2333910.00   2353260.00   2372610.00   2391960.00   2411310.00   2430660.00   2450010.00   2469360.00   2488710.00   2508060.00   2527410.00   2546760.00   2566110.00   2585460.00   2604810.00   2624160.00   2643510.00   2662860.00   2682210.00   2701560.00   2720910.00   2740260.00   2759610.00   2778960.00   2798310.00   2817660.00   2837010.00   2856360.00   2875710.00   2895060.00   2914410.00   2933760.00   2953110.00   2972460.00   2991810.00   3011160.00   3030510.00   3049860.00   3069210.00   3088560.00   3107910.00   3127260.00   3146610.00   3165960.00   3185310.00   3204660.00   3224010.00   3243360.00   3262710.00   3282060.00   3301410.00   3320760.00   3340110.00   3359460.00   3378810.00   3398160.00   3417510.00   3436860.00   3456210.00   3475560.00   3494910.00   3514260.00   3533610.00   3552960.00   3572310.00   3591660.00   3611010.00   3630360.00   3649710.00   3669060.00   3688410.00   3707760.00   3727110.00   3746460.00   3765810.00   3785160.00   3804510.00   3823860.00   3843210.00   3862560.00   3881910.00   3901260.00   3920610.00   3939960.00   
2233920.00   2253450.00   2272980.00   2292510.00   2312040.00   2331570.00   2351100.00   2370630.00   2390160.00   2409690.00   2429220.00   2448750.00   2468280.00   2487810.00   2507340.00   2526870.00   2546400.00   2565930.00   2585460.00   2604990.00   2624520.00   2644050.00   2663580.00   2683110.00   2702640.00   2722170.00   2741700.00   2761230.00   2780760.00   2800290.00   2819820.00   2839350.00   2858880.00   2878410.00   2897940.00   2917470.00   2937000.00   2956530.00   2976060.00   2995590.00   3015120.00   3034650.00   3054180.00   3073710.00   3093240.00   3112770.00   3132300.00   3151830.00   3171360.00   3190890.00   3210420.00   3229950.00   3249480.00   3269010.00   3288540.00   3308070.00   3327600.00   3347130.00   3366660.00   3386190.00   3405720.00   3425250.00   3444780.00   3464310.00   3483840.00   3503370.00   3522900.00   3542430.00   3561960.00   3581490.00   3601020.00   3620550.00   3640080.00   3659610.00   3679140.00   3698670.00   3718200.00   3737730.00   3757260.00   3776790.00   3796320.00   3815850.00   3835380.00   3854910.00   3874440.00   3893970.00   3913500.00   3933030.00   3952560.00   3972090.00   
2250030.00   2269740.00   2289450.00   2309160.00   2328870.00   2348580.00   2368290.00   2388000.00   2407710.00   2427420.00   2447130.00   2466840.00   2486550.00   2506260.00   2525970.00   2545680.00   2565390.00   2585100.00   2604810.00   2624520.00   2644230.00   2663940.00   2683650.00   2703360.00   2723070.00   2742780.00   2762490.00   2782200.00   2801910.00   2821620.00   2841330.00   2861040.00   2880750.00   2900460.00   2920170.00   2939880.00   2959590.00   2979300.00   2999010.00   3018720.00   3038430.00   3058140.00   3077850.00   3097560.00   3117270.00   3136980.00   3156690.00   3176400.00   3196110.00   3215820.00   3235530.00   3255240.00   3274950.00   3294660.00   3314370.00   3334080.00   3353790.00   3373500.00   3393210.00   3412920.00   3432630.00   3452340.00   3472050.00   3491760.00   3511470.00   3531180.00   3550890.00   3570600.00   3590310.00   3610020.00   3629730.00   3649440.00   3669150.00   3688860.00   3708570.00   3728280.00   3747990.00   3767700.00   3787410.00   3807120.00   3826830.00   3846540.00   3866250.00   3885960.00   3905670.00   3925380.00   3945090.00   3964800.00   3984510.00   4004220.00   
2266140.00   2286030.00   2305920.00   2325810.00   2345700.00   2365590.00   2385480.00   2405370.00   2425260.00   2445150.00   2465040.00   2484930.00   2504820.00   2524710.00   2544600.00   2564490.00   2584380.00   2604270.00   2624160.00   2644050.00   2663940.00   2683830.00   2703720.00   2723610.00   2743500.00   2763390.00   2783280.00   2803170.00   2823060.00   2842950.00   2862840.00   2882730.00   2902620.00   2922510.00   2942400.00   2962290.00   2982180.00   3002070.00   3021960.00   3041850.00   3061740.00   3081630.00   3101520.00   3121410.00   3141300.00   3161190.00   3181080.00   3200970.00   3220860.00   3240750.00   3260640.00   3280530.00   3300420.00   3320310.00   3340200.00   3360090.00   3379980.00   3399870.00   3419760.00   3439650.00   3459540.00   3479430.00   3499320.00   3519210.00   3539100.00   3558990.00   3578880.00   3598770.00   3618660.00   3638550.00   3658440.00   3678330.00   3698220.00   3718110.00   3738000.00   3757890.00   3777780.00   3797670.00   3817560.00   3837450.00   3857340.00   3877230.00   3897120.00   3917010.00   3936900.00   3956790.00   3976680.00   3996570.00   4016460.00   4036350.00   
2282250.00   2302320.00   2322390.00   2342460.00   2362530.00   2382600.00   2402670.00   2422740.00   2442810.00   2462880.00   2482950.00   2503020.00   2523090.00   2543160.00   2563230.00   2583300.00   2603370.00   2623440.00   2643510.00   2663580.00   2683650.00   2703720.00   2723790.00   2743860.00   2763930.00   2784000.00   2804070.00   2824140.00   2844210.00   2864280.00   2884350.00   2904420.00   2924490.00   2944560.00   2964630.00   2984700.00   3004770.00   3024840.00   3044910.00   3064980.00   3085050.00   3105120.00   3125190.00   3145260.00   3165330.00   3185400.00   3205470.00   3225540.00   3245610.00   3265680.00   3285750.00   3305820.00   3325890.00   3345960.00   3366030.00   3386100.00   3406170.00   3426240.00   3446310.00   3466380.00   3486450.00   3506520.00   3526590.00   3546660.00   3566730.00   3586800.00   3606870.00   3626940.00   3647010.00   3667080.00   3687150.00   3707220.00   3727290.00   3747360.00   3767430.00   3787500.00   3807570.00   3827640.00   3847710.00   3867780.00   3887850.00   3907920.00   3927990.00   3948060.00   3968130.00   3988200.00   4008270.00   4028340.00   4048410.00   4068480.00   
2298360.00   2318610.00   2338860.00   2359110.00   2379360.00   2399610.00   2419860.00   2440110.00   2460360.00   2480610.00   2500860.00   2521110.00   2541360.00   2561610.00   2581860.00   2602110.00   2622360.00   2642610.00   2662860.00   2683110.00   2703360.00   2723610.00   2743860.00   2764110.00   2784360.00   2804610.00   2824860.00   2845110.00   2865360.00   2885610.00   2905860.00   2926110.00   2946360.00   2966610.00   2986860.00   3007110.00   3027360.00   3047610.00   3067860.00   3088110.00   3108360.00   3128610.00   3148860.00   3169110.00   3189360.00   3209610.00   3229860.00   3250110.00   3270360.00   3290610.00   3310860.00   3331110.00   3351360.00   3371610.00   3391860.00   3412110.00   3432360.00   3452610.00   3472860.00   3493110.00   3513360.00   3533610.00   3553860.00   3574110.00   3594360.00   3614610.00   3634860.00   3655110.00   3675360.00   3695610.00   3715860.00   3736110.00   3756360.00   3776610.00   3796860.00   3817110.00   3837360.00   3857610.00   3877860.00   3898110.00   3918360.00   3938610.00   3958860.00   3979110.00   3999360.00   4019610.00   4039860.00   4060110.00   4080360.00   4100610.00   
2314470.00   2334900.00   2355330.00   2375760.00   2396190.00   2416620.00   2437050.00   2457480.00   2477910.00   2498340.00   2518770.00   2539200.00   2559630.00   2580060.00   2600490.00   2620920.00   2641350.00   2661780.00   2682210.00   2702640.00   2723070.00   2743500.00   2763930.00   2784360.00   2804790.00   2825220.00   2845650.00   2866080.00   2886510.00   2906940.00   2927370.00   2947800.00   2968230.00   2988660.00   3009090.00   3029520.00   3049950.00   3070380.00   3090810.00   3111240.00   3131670.00   3152100.00   3172530.00   3192960.00   3213390.00   3233820.00   3254250.00   3274680.00   3295110.00   3315540.00   3335970.00   3356400.00   3376830.00   3397260.00   3417690.00   3438120.00   3458550.00   3478980.00   3499410.00   3519840.00   3540270.00   3560700.00   3581130.00   3601560.00   3621990.00   3642420.00   3662850.00   3683280.00   3703710.00   3724140.00   3744570.00   3765000.00   3785430.00   3805860.00   3826290.00   3846720.00   3867150.00   3887580.00   3908010.00   3928440.00   3948870.00   3969300.00   3989730.00   4010160.00   4030590.00   4051020.00   4071450.00   4091880.00   4112310.00   4132740.00   
2330580.00   2351190.00   2371800.00   2392410.00   2413020.00   2433630.00   2454240.00   2474850.00   2495460.00   2516070.00   2536680.00   2557290.00   2577900.00   2598510.00   2619120.00   2639730.00   2660340.00   2680950.00   2701560.00   2722170.00   2742780.00   2763390.00   2784000.00   2804610.00   2825220.00   2845830.00   2866440.00   2887050.00   2907660.00   2928270.00   2948880.00   2969490.00   2990100.00   3010710.00   3031320.00   3051930.00   3072540.00   3093150.00   3113760.00   3134370.00   3154980.00   3175590.00   3196200.00   3216810.00   3237420.00   3258030.00   3278640.00   3299250.00   3319860.00   3340470.00   3361080.00   3381690.00   3402300.00   3422910.00   3443520.00   3464130.00   3484740.00   3505350.00   3525960.00   3546570.00   3567180.00   3587790.00   3608400.00   3629010.00   3649620.00   3670230.00   3690840.00   3711450.00   3732060.00   3752670.00   3773280.00   3793890.00   3814500.00   3835110.00   3855720.00   3876330.00   3896940.00   3917550.00   3938160.00   3958770.00   3979380.00   3999990.00   4020600.00   4041210.00   4061820.00   4082430.00   4103040.00   4123650.00   4144260.00   4164870.00   
2346690.00   2367480.00   2388270.00   2409060.00   2429850.00   2450640.00   2471430.00   2492220.00   2513010.00   2533800.00   2554590.00   2575380.00   2596170.00   2616960.00   2637750.00   2658540.00   2679330.00   2700120.00   2720910.00   2741700.00   2762490.00   2783280.00   2804070.00   2824860.00   2845650.00   2866440.00   2887230.00   2908020.00   2928810.00   2949600.00   2970390.00   2991180.00   3011970.00   3032760.00   3053550.00   3074340.00   3095130.00   3115920.00   3136710.00   3157500.00   3178290.00   3199080.00   3219870.00   3240660.00   3261450.00   3282240.00   3303030.00   3323820.00   3344610.00   3365400.00   3386190.00   3406980.00   3427770.00   3448560.00   3469350.00   3490140.00   3510930.00   3531720.00   3552510.00   3573300.00   3594090.00   3614880.00   3635670.00   3656460.00   3677250.00   3698040.00   3718830.00   3739620.00   3760410.00   3781200.00   3801990.00   3822780.00   3843570.00   3864360.00   3885150.00   3905940.00   3926730.00   3947520.00   3968310.00   3989100.00   4009890.00   4030680.00   4051470.00   4072260.00   4093050.00   4113840.00   4134630.00   4155420.00   4176210.00   4197000.00   
2362800.00   2383770.00   2404740.00   2425710.00   2446680.00   2467650.00   2488620.00   2509590.00   2530560.00   2551530.00   2572500.00   2593470.00   2614440.00   2635410.00   2656380.00   2677350.00   2698320.00   2719290.00   2740260.00   2761230.00   2782200.00   2803170.00   2824140.00   2845110.00   2866080.00   2887050.00   2908020.00   2928990.00   2949960.00   2970930.00   2991900.00   3012870.00   3033840.00   3054810.00   3075780.00   3096750.00   3117720.00   3138690.00   3159660.00   3180630.00   3201600.00   3222570.00   3243540.00   3264510.00   3285480.00   3306450.00   3327420.00   3348390.00   3369360.00   3390330.00   3411300.00   3432270.00   3453240.00   3474210.00   3495180.00   3516150.00   3537120.00   3558090.00   3579060.00   3600030.00   3621000.00   3641970.00   3662940.00   3683910.00   3704880.00   3725850.00   3746820.00   3767790.00   3788760.00   3809730.00   3830700.00   3851670.00   3872640.00   3893610.00   3914580.00   3935550.00   3956520.00   3977490.00   3998460.00   4019430.00   4040400.00   4061370.00   4082340.00   4103310.00   4124280.00   4145250.00   4166220.00   4187190.00   4208160.00   4229130.00   
2378910.00   2400060.00   2421210.00   2442360.00   2463510.00   2484660.00   2505810.00   2526960.00   2548110.00   2569260.00   2590410.00   2611560.00   2632710.00   2653860.00   2675010.00   2696160.00   2717310.00   2738460.00   2759610.00   2780760.00   2801910.00   2823060.00   2844210.00   2865360.00   2886510.00   2907660.00   2928810.00   2949960.00   2971110.00   2992260.00   3013410.00   3034560.00   3055710.00   3076860.00   3098010.00   3119160.00   3140310.00   3161460.00   3182610.00   3203760.00   3224910.00   3246060.00   3267210.00   3288360.00   3309510.00   3330660.00   3351810.00   3372960.00   3394110.00   3415260.00   3436410.00   3457560.00   3478710.00   3499860.00   3521010.00   3542160.00   3563310.00   3584460.00   3605610.00   3626760.00   3647910.00   3669060.00   3690210.00   3711360.00   3732510.00   3753660.00   3774810.00   3795960.00   3817110.00   3838260.00   3859410.00   3880560.00   3901710.00   3922860.00   3944010.00   3965160.00   3986310.00   4007460.00   4028610.00   4049760.00   4070910.00   4092060.00   4113210.00   4134360.00   4155510.00   4176660.00   4197810.00   4218960.00   4240110.00   4261260.00   
2395020.00   2416350.00   2437680.00   2459010.00   2480340.00   2501670.00   2523000.00   2544330.00   2565660.00   2586990.00   2608320.00   2629650.00   2650980.00   2672310.00   2693640.00   2714970.00   2736300.00   2757630.00   2778960.00   2800290.00   2821620.00   2842950.00   2864280.00   2885610.00   2906940.00   2928270.00   2949600.00   2970930.00   2992260.00   3013590.00   3034920.00   3056250.00   3077580.00   3098910.00   3120240.00   3141570.00   3162900.00   3184230.00   3205560.00   3226890.00   3248220.00   3269550.00   3290880.00   3312210.00   3333540.00   3354870.00   3376200.00   3397530.00   3418860.00   3440190.00   3461520.00   3482850.00   3504180.00   3525510.00   3546840.00   3568170.00   3589500.00   3610830.00   3632160.00   3653490.00   3674820.00   3696150.00   3717480.00   3738810.00   3760140.00   3781470.00   3802800.00   3824130.00   3845460.00   3866790.00   3888120.00   3909450.00   3930780.00   3952110.00   3973440.00   3994770.00   4016100.00   4037430.00   4058760.00   4080090.00   4101420.00   4122750.00   4144080.00   4165410.00   4186740.00   4208070.00   4229400.00   4250730.00   4272060.00   4293390.00   
2411130.00   2432640.00   2454150.00   2475660.00   2497170.00   2518680.00   2540190.00   2561700.00   2583210.00   2604720.00   2626230.00   2647740.00   2669250.00   2690760.00   2712270.00   2733780.00   2755290.00   2776800.00   2798310.00   2819820.00   2841330.00   2862840.00   2884350.00   2905860.00   2927370.00   2948880.00   2970390.00   2991900.00   3013410.00   3034920.00   3056430.00   3077940.00   3099450.00   3120960.00   3142470.00   3163980.00   3185490.00   3207000.00   3228510.00   3250020.00   3271530.00   3293040.00   3314550.00   3336060.00   3357570.00   3379080.00   3400590.00   3422100.00   3443610.00   3465120.00   3486630.00   3508140.00   3529650.00   3551160.00   3572670.00   3594180.00   3615690.00   3637200.00   3658710.00   3680220.00   3701730.00   3723240.00   3744750.00   3766260.00   3787770.00   3809280.00   3830790.00   3852300.00   3873810.00   3895320.00   3916830.00   3938340.00   3959850.00   3981360.00   4002870.00   4024380.00   4045890.00   4067400.00   4088910.00   4110420.00   4131930.00   4153440.00   4174950.00   4196460.00   4217970.00   4239480.00   4260990.00   4282500.00   4304010.00   4325520.00   
2427240.00   2448930.00   2470620.00   2492310.00   2514000.00   2535690.00   2557380.00   2579070.00   2600760.00   2622450.00   2644140.00   2665830.00   2687520.00   2709210.00   2730900.00   2752590.00   2774280.00   2795970.00   2817660.00   2839350.00   2861040.00   2882730.00   2904420.00   2926110.00   2947800.00   2969490.00   2991180.00   3012870.00   3034560.00   3056250.00   3077940.00   3099630.00   3121320.00   3143010.00   3164700.00   3186390.00   3208080.00   3229770.00   3251460.00   3273150.00   3294840.00   3316530.00   3338220.00   3359910.00   3381600.00   3403290.00   3424980.00   3446670.00   3468360.00   3490050.00   3511740.00   3533430.00   3555120.00   3576810.00   3598500.00   3620190.00   3641880.00   3663570.00   3685260.00   3706950.00   3728640.00   3750330.00   3772020.00   3793710.00   3815400.00   3837090.00   3858780.00   3880470.00   3902160.00   3923850.00   3945540.00   3967230.00   3988920.00   4010610.00   4032300.00   4053990.00   4075680.00   4097370.00   4119060.00   4140750.00   4162440.00   4184130.00   4205820.00   4227510.00   4249200.00   4270890.00   4292580.00   4314270.00   4335960.00   4357650.00   
2443350.00   2465220.00   2487090.00   2508960.00   2530830.00   2552700.00   2574570.00   2596440.00   2618310.00   2640180.00   2662050.00   2683920.00   2705790.00   2727660.00   2749530.00   2771400.00   2793270.00   2815140.00   2837010.00   2858880.00   2880750.00   2902620.00   2924490.00   2946360.00   2968230.00   2990100.00   3011970.00   3033840.00   3055710.00   3077580.00   3099450.00   3121320.00   3143190.00   3165060.00   3186930.00   3208800.00   3230670.00   3252540.00   3274410.00   3296280.00   3318150.00   3340020.00   3361890.00   3383760.00   3405630.00   3427500.00   3449370.00   3471240.00   3493110.00   3514980.00   3536850.00   3558720.00   3580590.00   3602460.00   3624330.00   3646200.00   3668070.00   3689940.00   3711810.00   3733680.00   3755550.00   3777420.00   3799290.00   3821160.00   3843030.00   3864900.00   3886770.00   3908640.00   3930510.00   3952380.00   3974250.00   3996120.00   4017990.00   4039860.00   4061730.00   4083600.00   4105470.00   4127340.00   4149210.00   4171080.00   4192950.00   4214820.00   4236690.00   4258560.00   4280430.00   4302300.00   4324170.00   4346040.00   4367910.00   4389780.00   
2459460.00   2481510.00   2503560.00   2525610.00   2547660.00   2569710.00   2591760.00   2613810.00   2635860.00   2657910.00   2679960.00   2702010.00   2724060.00   2746110.00   2768160.00   2790210.00   2812260.00   2834310.00   2856360.00   2878410.00   2900460.00   2922510.00   2944560.00   2966610.00   2988660.00   3010710.00   3032760.00   3054810.00   3076860.00   3098910.00   3120960.00   3143010.00   3165060.00   3187110.00   3209160.00   3231210.00   3253260.00   3275310.00   3297360.00   3319410.00   3341460.00   3363510.00   3385560.00   3407610.00   3429660.00   3451710.00   3473760.00   3495810.00   3517860.00   3539910.00   3561960.00   3584010.00   3606060.00   3628110.00   3650160.00   3672210.00   3694260.00   3716310.00   3738360.00   3760410.00   3782460.00   3804510.00   3826560.00   3848610.00   3870660.00   3892710.00   3914760.00   3936810.00   3958860.00   3980910.00   4002960.00   4025010.00   4047060.00   4069110.00   4091160.00   4113210.00   4135260.00   4157310.00   4179360.00   4201410.00   4223460.00   4245510.00   4267560.00   4289610.00   4311660.00   4333710.00   4355760.00   4377810.00   4399860.00   4421910.00   
